cdhit_id,rf,lyme
-5020,0,1
-5018,0,1
-5017,0,1
-5016,0,1
-5015,0,1
-5014,0,1
-5013,0,1
-5011,0,1
-1372,0,1
-1216,1,0
-1037,1,0
-664,1,0
-420,1,0
3,0,5
4,10,34
7,0,2
9,10,32
11,10,36
12,10,35
13,0,1
14,10,37
15,11,35
16,10,34
18,10,36
19,10,35
20,11,35
22,9,33
24,10,33
26,10,36
28,10,33
29,10,34
30,9,35
31,10,35
32,10,34
33,10,34
34,10,35
36,11,34
38,10,36
39,10,34
40,11,35
41,10,34
42,10,34
43,10,35
44,10,35
45,10,35
47,10,34
48,10,34
49,10,34
50,10,34
51,10,36
52,10,36
54,11,34
55,9,34
57,10,35
58,10,34
59,8,34
60,10,36
63,11,34
64,10,34
65,10,35
66,10,34
67,10,33
68,1,0
70,11,34
71,10,34
72,10,34
74,10,34
75,10,34
77,10,34
78,9,34
79,9,34
80,10,34
81,11,34
82,10,34
83,10,34
84,10,34
85,10,34
86,11,0
87,10,35
88,10,35
89,11,35
90,10,35
91,10,33
92,9,35
93,11,35
94,10,35
95,10,35
96,10,34
97,0,34
99,10,33
100,10,34
101,10,36
102,10,34
104,10,34
105,10,34
106,9,36
107,10,34
108,10,34
110,10,35
111,10,35
112,10,36
113,11,38
114,9,35
115,10,34
116,10,35
117,10,34
119,10,35
121,10,34
123,10,34
124,10,34
125,10,33
126,10,34
127,10,34
128,0,1
129,10,34
130,11,34
132,10,33
133,10,34
134,10,34
135,10,34
136,11,33
137,10,36
138,10,34
139,10,34
140,10,36
141,10,35
142,10,34
143,10,35
144,10,35
145,9,30
146,10,35
147,8,34
148,10,34
150,9,34
151,10,34
152,10,34
153,10,34
154,10,34
156,10,37
157,10,34
159,21,100
160,10,35
161,10,34
162,10,34
163,10,34
167,0,1
168,10,0
169,10,35
170,10,34
171,10,34
173,10,30
174,9,34
175,10,34
176,10,33
177,10,33
178,9,34
179,9,0
182,11,0
183,10,34
184,10,34
185,10,35
186,11,34
187,10,25
188,10,33
189,11,34
190,10,34
191,4,32
192,10,31
193,10,35
194,10,34
195,11,36
196,10,35
197,10,35
198,9,37
199,10,34
201,9,34
202,10,34
203,10,34
204,10,35
205,9,34
206,10,34
207,9,35
208,9,34
209,10,35
210,10,34
211,10,34
212,10,34
213,10,0
214,10,32
215,10,36
216,10,35
218,11,34
219,10,34
220,10,36
221,10,34
222,10,35
223,10,35
224,10,34
226,10,34
227,10,0
228,10,27
229,10,34
230,10,35
231,10,34
232,10,34
233,9,33
235,11,35
236,10,34
237,9,34
238,9,36
239,10,35
240,7,0
241,10,0
242,10,35
243,10,35
244,10,34
245,10,33
246,11,35
247,10,35
248,10,35
249,10,33
250,10,36
251,3,0
252,10,34
253,10,34
254,10,0
255,10,34
258,10,34
259,10,34
260,10,34
261,10,34
262,10,34
264,10,35
265,10,0
266,10,33
267,10,34
268,10,34
269,10,0
272,11,34
273,10,34
275,0,34
276,10,34
277,4,34
279,10,34
281,10,34
283,10,34
285,10,34
286,10,34
287,10,35
288,10,35
289,10,34
290,10,34
292,10,34
293,10,33
295,11,34
296,10,35
298,10,34
299,10,34
300,10,34
302,10,34
303,10,35
304,10,34
305,10,34
306,10,0
307,10,33
311,7,35
312,10,35
314,10,34
315,10,35
317,10,34
319,11,34
320,10,34
324,10,34
325,10,33
326,10,36
327,10,34
328,10,35
329,10,34
330,9,33
331,10,34
332,11,34
334,10,33
335,10,34
336,10,34
338,8,33
339,10,34
341,10,34
342,10,34
343,10,34
344,11,34
345,10,34
350,10,34
351,10,34
352,10,34
353,0,10
354,10,34
355,9,34
356,10,34
357,9,34
360,2,0
363,10,35
365,9,33
366,10,34
368,10,34
369,10,35
370,10,32
371,11,33
373,10,34
375,10,35
376,10,34
377,9,34
379,10,34
380,11,35
381,10,34
383,10,34
384,0,34
385,10,32
386,10,34
388,10,34
389,10,34
391,10,34
393,10,35
394,9,34
395,9,35
398,2,0
399,10,34
400,10,0
401,10,0
402,10,35
403,9,40
406,10,34
407,10,34
410,10,35
411,10,34
414,9,34
415,9,31
416,10,34
417,10,35
419,10,36
422,9,34
425,10,33
426,20,48
427,10,35
429,10,37
430,2,0
431,10,34
432,10,34
433,10,35
435,10,31
436,10,34
437,9,34
440,10,0
441,10,34
444,10,34
446,10,35
448,10,34
449,10,33
450,11,0
452,10,34
453,10,34
454,10,34
455,10,34
456,10,34
457,10,38
460,11,34
461,10,35
463,10,34
464,10,34
465,10,34
466,10,34
467,10,32
468,10,33
469,10,34
470,10,34
472,9,33
474,10,34
475,9,34
476,10,34
478,10,34
481,10,33
482,10,34
484,10,34
488,10,34
489,10,34
490,0,2
493,10,34
496,10,34
497,10,35
499,10,34
501,10,33
503,10,34
504,10,34
505,10,0
506,10,34
507,9,0
508,10,35
511,9,35
512,10,34
513,10,35
514,10,34
515,9,34
516,10,34
518,10,34
519,0,1
520,11,34
526,10,34
527,10,34
530,11,32
531,10,34
533,10,34
535,10,34
537,9,0
538,10,34
539,11,35
540,9,34
541,10,34
542,10,34
544,10,33
545,10,34
546,10,34
547,0,12
549,10,34
552,10,34
556,10,34
557,10,34
558,10,34
559,10,34
561,0,28
562,11,34
563,9,33
564,11,34
565,10,35
566,10,34
567,8,33
568,0,34
570,10,34
573,10,34
578,10,34
579,10,34
580,10,34
581,10,34
582,10,33
583,10,34
584,10,34
585,10,34
586,10,36
587,10,34
588,10,34
590,0,1
592,10,34
593,10,34
594,9,35
595,10,35
596,10,34
598,0,2
599,10,34
600,10,34
602,10,34
603,10,35
604,10,34
605,11,34
606,10,31
609,10,34
610,10,34
611,10,34
613,10,34
614,10,34
618,10,34
619,10,34
620,7,34
621,0,2
622,10,34
625,10,34
626,10,34
627,10,35
629,9,34
631,10,34
632,0,2
633,10,34
640,9,34
641,10,34
644,10,35
645,11,34
648,10,34
650,10,34
651,10,34
652,11,34
653,10,34
654,10,34
655,10,32
658,10,34
661,10,34
662,10,34
665,10,35
666,10,0
670,10,34
671,10,34
672,9,33
674,10,34
675,10,34
677,10,34
678,10,35
680,10,34
683,10,34
684,10,35
686,9,35
691,10,34
692,6,0
693,10,33
694,10,33
695,10,33
697,10,0
702,10,34
703,9,34
705,10,34
707,10,34
712,0,34
714,10,34
716,10,34
717,10,34
718,10,35
719,10,33
720,10,34
721,10,34
722,10,34
723,10,34
727,10,34
728,10,34
733,0,34
734,10,34
739,10,34
742,10,33
743,10,34
744,10,35
745,10,35
746,10,34
747,10,23
748,10,36
750,10,34
752,10,35
753,10,33
757,10,34
758,10,34
759,5,34
760,10,35
761,10,34
762,10,34
763,10,34
764,10,34
768,10,34
770,10,34
771,10,33
773,11,34
774,10,34
783,11,34
784,10,34
786,8,36
787,9,34
788,10,35
789,9,34
790,10,34
794,6,34
798,10,34
799,10,34
800,10,33
802,10,34
804,10,34
807,10,34
811,10,34
813,10,34
816,10,34
817,10,34
820,10,34
822,10,34
824,10,34
825,10,34
826,10,33
827,10,34
829,8,34
830,0,35
833,10,34
834,10,34
835,9,3
837,10,34
838,10,34
840,10,34
842,10,34
843,10,34
845,9,34
846,10,34
847,10,34
848,10,34
851,10,33
852,10,34
856,8,0
857,10,34
858,10,34
860,10,34
863,10,34
864,10,34
865,10,34
866,10,33
867,10,34
870,10,33
872,9,34
873,9,34
874,10,34
875,10,0
876,0,34
877,10,34
882,0,2
884,10,34
886,10,34
887,9,34
888,10,34
889,0,34
890,11,35
891,10,34
895,10,34
896,10,34
898,10,34
899,10,34
902,0,34
903,7,33
904,10,31
909,10,34
913,10,34
916,10,34
919,10,34
921,0,32
929,10,34
932,10,35
933,10,0
934,5,28
935,9,34
938,10,34
939,10,34
940,10,34
941,10,28
943,10,34
944,10,33
946,9,33
950,10,34
953,10,32
954,10,34
956,10,34
957,10,34
958,9,32
959,0,34
962,10,34
963,10,34
964,0,34
965,9,0
969,10,34
971,10,35
973,10,34
974,0,35
975,0,3
976,10,34
977,10,34
978,10,33
984,10,34
986,0,34
987,10,34
988,10,35
993,10,32
994,10,33
996,10,34
998,10,33
999,0,34
1000,0,1
1001,10,34
1002,10,0
1005,10,34
1007,0,1
1009,10,34
1010,10,33
1015,10,33
1023,9,34
1024,10,34
1027,10,34
1030,10,34
1031,10,34
1034,0,2
1038,10,34
1042,10,34
1045,10,34
1046,10,31
1048,10,34
1049,10,34
1050,9,35
1051,2,34
1052,10,34
1054,10,34
1055,10,34
1056,10,34
1057,10,35
1060,10,33
1062,10,33
1066,10,34
1067,0,34
1068,10,34
1069,2,25
1074,10,34
1075,10,34
1076,10,33
1077,11,33
1078,10,34
1079,10,34
1080,10,34
1081,10,34
1085,0,34
1086,10,34
1087,10,34
1088,10,34
1089,10,34
1091,4,0
1095,10,33
1096,10,34
1097,10,0
1100,9,34
1101,10,34
1103,10,33
1105,10,34
1107,10,34
1108,9,0
1110,10,35
1113,10,34
1114,9,0
1118,10,34
1119,10,34
1120,0,1
1121,10,34
1122,10,34
1124,10,35
1125,10,34
1126,10,34
1127,10,34
1130,0,32
1133,9,33
1136,10,34
1140,5,0
1141,10,33
1143,6,0
1144,10,35
1147,10,34
1149,10,34
1152,10,34
1155,10,34
1156,10,34
1157,10,33
1158,10,33
1160,10,34
1161,10,35
1162,10,34
1165,10,34
1173,10,34
1174,10,34
1177,10,34
1180,10,34
1181,10,34
1183,10,34
1184,10,34
1186,10,34
1189,10,34
1194,10,34
1195,10,34
1196,11,34
1197,5,13
1201,10,0
1204,10,34
1205,10,34
1212,10,34
1220,2,0
1221,10,34
1222,10,34
1223,7,0
1226,10,34
1227,10,34
1228,10,34
1229,10,34
1230,10,34
1232,10,34
1234,10,34
1237,10,34
1238,10,34
1240,10,34
1241,10,34
1242,10,33
1243,10,34
1244,10,34
1251,10,32
1252,10,34
1253,10,34
1255,9,34
1258,10,34
1259,4,0
1262,10,33
1263,0,34
1264,9,33
1266,10,34
1267,10,34
1269,10,34
1272,10,33
1274,10,34
1276,10,34
1277,10,34
1279,10,34
1284,10,34
1285,10,34
1287,10,34
1288,10,34
1289,10,34
1300,10,34
1302,10,33
1303,9,34
1305,10,34
1307,10,34
1308,10,34
1313,10,34
1316,10,34
1318,10,34
1319,10,34
1323,10,34
1325,10,34
1327,10,32
1328,10,32
1330,10,34
1336,10,34
1337,10,34
1341,10,31
1342,10,34
1345,0,27
1349,10,34
1350,10,30
1352,10,33
1356,0,1
1359,10,33
1363,10,34
1364,10,34
1366,10,34
1367,10,33
1369,10,34
1376,10,34
1380,3,0
1381,10,34
1382,10,34
1385,10,27
1391,10,34
1392,0,2
1397,0,22
1400,10,33
1401,10,34
1402,9,34
1405,9,33
1406,10,33
1407,10,34
1430,10,34
1432,10,34
1433,10,34
1435,10,34
1436,6,0
1444,10,34
1454,10,34
1459,10,34
1460,10,34
1469,10,32
1483,10,33
1488,10,34
1493,10,29
1500,4,0
1501,10,34
1521,11,34
1547,7,28
1570,10,34
1571,10,34
1583,0,3
1639,10,26
1658,10,23
1670,10,28
1713,10,15
1816,10,33
1836,0,25
5001,11,34
5002,10,32
5003,9,34
5005,0,16
5007,0,33
5033,0,2
5040,0,2
5049,0,2
5050,0,2
(892 rows)
